       1     544.068    -68.580
       3     544.068    -64.922
       5     544.068    -61.265
       7     544.068    -57.607
       9     544.068    -53.950
      11     544.068    -50.292
      13     544.068    -48.158
      15     544.068    -46.025
      17     544.068    -43.891
      19     544.068    -41.859
      21     544.068    -39.827
      26     544.068    -37.795
      31     544.068    -36.271
      36     544.068    -34.747
      42     544.068    -31.699
      49     544.068    -28.651
      55     544.068    -25.603
      62     544.068    -22.555
      67     544.068    -19.507
      70     544.068    -17.272
      74     544.068    -15.037
      78     544.068    -12.802
      84     483.108    -68.580
      86     483.108    -64.922
      88     483.108    -61.265
      91     483.108    -57.607
      94     483.108    -53.950
      97     483.108    -50.292
      99     483.108    -48.158
     101     483.108    -46.025
     103     483.108    -43.891
     105     483.108    -41.859
     111     483.108    -39.827
     117     483.108    -37.795
     120     483.108    -36.271
     124     483.108    -34.747
     131     483.108    -31.699
     137     483.108    -28.651
     139     470.916    -68.580
     141     470.916    -64.922
     144     470.916    -61.265
     148     470.916    -57.607
     152     483.108    -25.603
     153     470.916    -53.950
     157     470.916    -50.292
     161     470.916    -48.158
     163     483.108    -22.555
     165     470.916    -46.025
     167     470.916    -43.891
     171     470.916    -41.859
     174     483.108    -19.507
     175     470.916    -39.827
     182     470.916    -37.795
     187     483.108    -17.272
     189     470.916    -36.271
     196     470.916    -34.747
     198     483.108    -15.037
     205     470.916    -31.699
     210     483.108    -12.802
     215     470.916    -28.651
     223     470.916    -25.603
     227     458.724    -68.580
     229     458.724    -64.922
     233     458.724    -61.265
     237     458.724    -57.607
     240     470.916    -22.555
     242     458.724    -53.950
     247     458.724    -50.292
     250     458.724    -48.158
     253     470.916    -19.507
     254     458.724    -46.025
     258     458.724    -43.891
     260     470.916    -17.272
     261     458.724    -41.859
     265     458.724    -39.827
     268     470.916    -15.037
     269     458.724    -37.795
     272     458.724    -36.271
     281     458.724    -34.747
     283     470.916    -12.802
     290     458.724    -31.699
     299     458.724    -28.651
     307     458.724    -25.603
     317     458.724    -22.555
     321     446.532    -68.580
     323     446.532    -64.922
     326     446.532    -61.265
     329     446.532    -57.607
     331     458.724    -19.507
     333     446.532    -53.950
     337     446.532    -50.292
     339     458.724    -17.272
     340     446.532    -48.158
     343     446.532    -46.025
     347     446.532    -43.891
     348     458.724    -15.037
     351     446.532    -41.859
     354     446.532    -39.827
     356     458.724    -12.802
     358     446.532    -37.795
     361     446.532    -36.271
     364     446.532    -34.747
     374     446.532    -31.699
     382     446.532    -28.651
     393     446.532    -25.603
     401     446.532    -22.555
     408     446.532    -19.507
     411     434.340    -68.580
     413     434.340    -64.922
     415     434.340    -61.265
     418     446.532    -17.272
     419     434.340    -57.607
     422     434.340    -53.950
     426     434.340    -50.292
     427     446.532    -15.037
     429     434.340    -48.158
     433     434.340    -46.025
     436     446.532    -12.802
     437     434.340    -43.891
     440     434.340    -41.859
     443     434.340    -39.827
     445     434.340    -37.795
     448     434.340    -36.271
     451     434.340    -34.747
     455     434.340    -31.699
     468     434.340    -28.651
     477     434.340    -25.603
     484     434.340    -22.555
     491     434.340    -19.507
     497     434.340    -17.272
     500     422.148    -68.580
     502     422.148    -64.922
     505     434.340    -15.037
     506     422.148    -61.265
     508     422.148    -57.607
     512     422.148    -53.950
     515     434.340    -12.802
     516     422.148    -50.292
     519     422.148    -48.158
     521     422.148    -46.025
     524     422.148    -43.891
     527     422.148    -41.859
     530     422.148    -39.827
     532     422.148    -37.795
     535     422.148    -36.271
     538     422.148    -34.747
     542     422.148    -31.699
     551     422.148    -28.651
     559     422.148    -25.603
     567     422.148    -22.555
     574     422.148    -19.507
     581     422.148    -17.272
     585     422.148    -15.037
     589     422.148    -12.802
     591     409.956    -68.580
     593     409.956    -64.922
     595     409.956    -61.265
     597     409.956    -57.607
     600     409.956    -53.950
     603     409.956    -50.292
     606     409.956    -48.158
     608     409.956    -46.025
     611     409.956    -43.891
     614     409.956    -41.859
     617     409.956    -39.827
     620     409.956    -37.795
     623     409.956    -36.271
     625     409.956    -34.747
     629     409.956    -31.699
     633     409.956    -28.651
     643     409.956    -25.603
     650     409.956    -22.555
     658     409.956    -19.507
     664     409.956    -17.272
     670     409.956    -15.037
     674     409.956    -12.802
     678     397.764    -68.580
     680     397.764    -64.922
     682     397.764    -61.265
     685     397.764    -57.607
     687     397.764    -53.950
     690     397.764    -50.292
     693     397.764    -48.158
     695     397.764    -46.025
     698     397.764    -43.891
     701     397.764    -41.859
     704     397.764    -39.827
     707     397.764    -37.795
     710     397.764    -36.271
     713     397.764    -34.747
     716     397.764    -31.699
     719     397.764    -28.651
     724     397.764    -25.603
     733     397.764    -22.555
     741     397.764    -19.507
     747     397.764    -17.272
     754     397.764    -15.037
     759     397.764    -12.802
     765     385.572    -68.580
     767     385.572    -64.922
     769     385.572    -61.265
     772     385.572    -57.607
     774     385.572    -53.950
     777     385.572    -50.292
     780     385.572    -48.158
     782     385.572    -46.025
     785     385.572    -43.891
     788     385.572    -41.859
     791     385.572    -39.827
     794     385.572    -37.795
     797     385.572    -36.271
     800     385.572    -34.747
     803     385.572    -31.699
     805     385.572    -28.651
     807     385.572    -25.603
     816     385.572    -22.555
     824     385.572    -19.507
     831     385.572    -17.272
     837     385.572    -15.037
     843     385.572    -12.802
     852     373.380    -68.580
     854     373.380    -64.922
     856     373.380    -61.265
     859     373.380    -57.607
     861     373.380    -53.950
     864     373.380    -50.292
     867     373.380    -48.158
     870     373.380    -46.025
     873     373.380    -43.891
     876     373.380    -41.859
     879     373.380    -39.827
     882     373.380    -37.795
     884     373.380    -36.271
     887     373.380    -34.747
     889     373.380    -31.699
     891     373.380    -28.651
     893     373.380    -25.603
     896     373.380    -22.555
     907     373.380    -19.507
     914     373.380    -17.272
     920     373.380    -15.037
     926     373.380    -12.802
     939     361.188    -68.580
     941     361.188    -64.922
     943     361.188    -61.265
     946     361.188    -57.607
     948     361.188    -53.950
     952     361.188    -50.292
     954     361.188    -48.158
     957     361.188    -46.025
     960     361.188    -43.891
     963     361.188    -41.859
     966     361.188    -39.827
     969     361.188    -37.795
     971     361.188    -36.271
     973     361.188    -34.747
     975     361.188    -31.699
     977     361.188    -28.651
     979     361.188    -25.603
     981     361.188    -22.555
     989     361.188    -19.507
     996     361.188    -17.272
    1003     361.188    -15.037
    1009     361.188    -12.802
    1026     348.845    -68.580
    1028     348.845    -64.922
    1031     348.845    -61.265
    1033     348.845    -57.607
    1036     348.845    -53.950
    1039     348.845    -50.292
    1042     348.845    -48.158
    1045     348.845    -46.025
    1047     348.845    -43.891
    1050     348.845    -41.859
    1053     348.845    -39.827
    1055     348.845    -37.795
    1058     348.845    -36.271
    1060     348.845    -34.747
    1062     348.845    -31.699
    1064     348.845    -28.651
    1066     348.845    -25.603
    1068     348.845    -22.555
    1070     348.845    -19.507
    1079     348.845    -17.272
    1085     348.845    -15.037
    1093     348.845    -12.802
    1105     347.980    -10.465
    1117     336.271    -68.580
    1119     336.271    -64.922
    1121     336.271    -61.265
    1124     336.271    -57.607
    1127     336.271    -53.950
    1130     336.271    -50.292
    1133     336.271    -48.158
    1135     336.271    -46.025
    1138     336.271    -43.891
    1141     336.271    -41.859
    1143     336.271    -39.827
    1145     336.271    -37.795
    1148     336.271    -36.271
    1150     336.271    -34.747
    1152     336.271    -31.699
    1155     336.271    -28.651
    1157     336.271    -25.603
    1159     336.271    -22.555
    1161     336.271    -19.507
    1163     336.271    -17.272
    1173     336.271    -15.037
    1179     336.271    -12.802
    1187     336.294    -10.465
    1201     334.772     -8.128
    1212     323.479    -68.580
    1214     323.479    -64.922
    1216     323.479    -61.265
    1219     323.479    -57.607
    1222     323.479    -53.950
    1226     323.479    -50.292
    1229     323.479    -48.158
    1231     323.479    -46.025
    1234     323.479    -43.891
    1236     323.479    -41.859
    1238     323.479    -39.827
    1240     323.479    -37.795
    1243     323.479    -36.271
    1245     323.479    -34.747
    1247     323.479    -31.699
    1249     323.479    -28.651
    1252     323.479    -25.603
    1254     323.479    -22.555
    1256     323.479    -19.507
    1258     323.479    -17.272
    1260     323.479    -15.037
    1265     324.448    -10.465
    1273     323.479    -12.802
    1279     324.185     -8.128
    1301     321.564     -5.791
    1315     310.483    -68.580
    1317     310.483    -64.922
    1319     310.483    -61.265
    1322     310.483    -57.607
    1324     310.483    -53.950
    1327     310.483    -50.292
    1329     310.483    -48.158
    1331     310.483    -46.025
    1333     310.483    -43.891
    1335     310.483    -41.859
    1337     310.483    -39.827
    1339     310.483    -37.795
    1341     310.483    -36.271
    1344     310.483    -34.747
    1346     310.483    -31.699
    1348     310.483    -28.651
    1350     310.483    -25.603
    1352     310.483    -22.555
    1355     313.341     -8.128
    1356     310.483    -19.507
    1357     312.449    -10.465
    1359     310.483    -17.272
    1363     310.483    -15.037
    1365     310.483    -12.802
    1377     311.634     -5.791
    1418     297.296    -68.580
    1420     297.296    -64.922
    1422     297.296    -61.265
    1424     297.296    -57.607
    1426     297.296    -53.950
    1428     297.296    -50.292
    1430     297.296    -48.158
    1432     297.296    -46.025
    1434     297.296    -43.891
    1436     297.296    -41.859
    1438     297.296    -39.827
    1440     297.296    -37.795
    1442     297.296    -36.271
    1444     297.296    -34.747
    1445     302.257     -8.128
    1448     297.296    -31.699
    1449     303.276     -2.896
    1453     297.296    -28.651
    1455     297.296    -25.603
    1456     301.518     -5.791
    1457     300.304    -10.465
    1459     297.296    -22.555
    1461     297.296    -19.507
    1464     297.296    -17.272
    1466     297.296    -15.037
    1468     297.296    -12.802
    1513     294.459     -2.896
    1524     283.933    -68.580
    1526     283.933    -64.922
    1528     290.950     -8.128
    1529     283.933    -61.265
    1531     283.933    -57.607
    1533     291.227     -5.791
    1534     283.933    -53.950
    1536     283.933    -50.292
    1538     283.933    -48.158
    1540     283.933    -46.025
    1543     283.933    -43.891
    1545     283.933    -41.859
    1547     283.933    -39.827
    1549     283.933    -37.795
    1551     283.933    -36.271
    1553     283.933    -34.747
    1556     288.017    -10.465
    1558     283.933    -31.699
    1560     283.933    -28.651
    1562     283.933    -25.603
    1565     283.933    -22.555
    1568     283.933    -19.507
    1570     283.933    -17.272
    1573     283.933    -15.037
    1577     283.933    -12.802
    1579     285.478     -2.896
    1597     284.988      0.000
    1621     280.771     -5.791
    1626     279.440     -8.128
    1637     270.410    -68.580
    1639     270.410    -64.922
    1641     270.410    -61.265
    1643     270.410    -57.607
    1645     270.410    -53.950
    1647     270.410    -50.292
    1649     270.410    -48.158
    1651     270.410    -46.025
    1654     275.594    -10.465
    1655     270.410    -43.891
    1657     270.410    -41.859
    1659     270.410    -39.827
    1661     270.410    -37.795
    1662     277.285      0.000
    1664     270.410    -36.271
    1666     276.341     -2.896
    1667     270.410    -34.747
    1671     270.410    -31.699
    1674     270.410    -28.651
    1677     270.410    -25.603
    1680     275.822      2.357
    1681     270.410    -22.555
    1684     270.410    -19.507
    1686     270.410    -17.272
    1690     270.410    -15.037
    1693     270.410    -12.802
    1708     270.162     -5.791
    1730     267.750     -8.128
    1733     269.438      0.000
    1742     268.665      2.358
    1744     267.058     -2.896
    1755     266.700      4.877
    1757     263.041    -10.465
    1760     256.742    -68.580
    1762     256.742    -64.922
    1765     256.742    -61.265
    1767     256.742    -57.607
    1769     256.742    -53.950
    1772     256.742    -50.292
    1775     256.742    -48.158
    1777     256.742    -46.025
    1779     256.742    -43.891
    1781     256.742    -41.859
    1784     256.742    -39.827
    1787     256.742    -37.795
    1789     256.742    -36.271
    1792     256.742    -34.747
    1795     256.742    -31.699
    1797     256.742    -28.651
    1800     256.742    -25.603
    1803     261.455      0.000
    1804     256.742    -22.555
    1808     261.379      2.360
    1809     256.742    -19.507
    1810     259.411     -5.791
    1812     256.742    -17.272
    1815     256.742    -15.037
    1819     256.742    -12.802
    1821     260.111      4.877
    1822     257.638     -2.896
    1830     255.900     -8.128
    1874     253.971      2.364
    1877     253.344      0.000
    1882     250.363    -10.465
    1884     253.398      4.877
    1887     242.947    -68.580
    1889     242.947    -64.922
    1891     242.947    -61.265
    1893     242.947    -57.607
    1895     242.947    -53.950
    1897     242.947    -50.292
    1899     242.947    -48.158
    1901     242.947    -46.025
    1903     242.947    -43.891
    1904     248.531     -5.791
    1907     242.947    -41.859
    1911     242.947    -39.827
    1915     242.947    -37.795
    1919     242.947    -36.271
    1921     242.947    -34.747
    1923     248.093     -2.896
    1925     242.947    -31.699
    1927     242.947    -28.651
    1930     242.947    -25.603
    1933     242.947    -22.555
    1935     242.947    -19.507
    1937     242.947    -17.272
    1940     242.947    -15.037
    1942     246.448      2.370
    1944     243.915     -8.128
    1945     242.947    -12.802
    1947     246.569      4.877
    1948     245.115      0.000
    1998     237.563    -10.465
    2004     238.434     -2.896
    2007     237.536     -5.791
    2010     239.631      4.877
    2012     238.818      2.376
    2014     236.775      0.000
    2016     229.042    -68.580
    2018     229.042    -64.922
    2020     229.042    -61.265
    2022     229.042    -57.607
    2025     229.042    -53.950
    2027     229.042    -50.292
    2030     229.042    -48.158
    2032     229.042    -46.025
    2034     229.042    -43.891
    2036     229.042    -41.859
    2038     229.042    -39.827
    2040     229.042    -37.795
    2044     229.042    -36.271
    2046     229.042    -34.747
    2049     229.042    -31.699
    2053     229.042    -28.651
    2056     229.042    -25.603
    2058     231.822     -8.128
    2062     229.042    -22.555
    2064     229.042    -19.507
    2067     229.042    -17.272
    2069     229.042    -15.037
    2071     229.042    -12.802
    2072     232.591      4.877
    2074     231.089      2.383
    2085     228.671     -2.896
    2100     228.336      0.000
    2110     226.437     -5.791
    2118     224.647    -10.465
    2135     225.458      4.877
    2141     223.269      2.391
    2143     215.044    -68.580
    2145     215.044    -64.922
    2147     215.044    -61.265
    2149     215.044    -57.607
    2152     215.044    -53.950
    2154     215.044    -50.292
    2156     215.044    -48.158
    2158     215.044    -46.025
    2161     215.044    -43.891
    2162     219.645     -8.128
    2164     215.044    -41.859
    2166     215.044    -39.827
    2168     215.044    -37.795
    2171     215.044    -36.271
    2173     215.044    -34.747
    2176     215.044    -31.699
    2180     219.806      0.000
    2181     215.044    -28.651
    2183     218.817     -2.896
    2184     215.044    -25.603
    2186     215.044    -22.555
    2190     215.044    -19.507
    2193     215.044    -17.272
    2195     215.044    -15.037
    2198     215.044    -12.802
    2200     218.238      4.877
    2201     215.250     -5.791
    2214     215.365      2.400
    2232     211.620    -10.465
    2254     211.197      0.000
    2263     210.942      4.877
    2264     208.885     -2.896
    2266     207.413     -8.128
    2269     200.971    -68.580
    2272     200.971    -64.922
    2274     200.971    -61.265
    2276     200.971    -57.607
    2278     200.971    -53.950
    2280     200.971    -50.292
    2282     200.971    -48.158
    2284     200.971    -46.025
    2287     200.971    -43.891
    2289     207.388      2.408
    2292     200.971    -41.859
    2294     200.971    -39.827
    2296     200.971    -37.795
    2298     200.971    -36.271
    2301     200.971    -34.747
    2303     200.971    -31.699
    2306     200.971    -28.651
    2308     200.971    -25.603
    2309     203.989     -5.791
    2313     200.971    -22.555
    2317     200.971    -19.507
    2319     200.971    -17.272
    2321     200.971    -15.037
    2323     200.971    -12.802
    2327     203.577      4.877
    2328     202.519      0.000
    2342     198.486    -10.465
    2356     198.886     -2.896
    2366     199.346      2.416
    2383     195.153     -8.128
    2390     196.154      4.877
    2394     193.784      0.000
    2396     192.667     -5.791
    2397     186.842    -68.580
    2399     186.842    -64.922
    2401     186.842    -61.265
    2403     186.842    -57.607
    2405     186.842    -53.950
    2407     186.842    -50.292
    2410     186.842    -48.158
    2412     186.842    -46.025
    2414     186.842    -43.891
    2416     186.842    -41.859
    2419     186.842    -39.827
    2421     186.842    -37.795
    2424     186.842    -36.271
    2427     186.842    -34.747
    2430     186.842    -31.699
    2433     186.842    -28.651
    2435     186.842    -25.603
    2436     191.248      2.423
    2439     186.842    -22.555
    2441     186.842    -19.507
    2443     186.842    -17.272
    2445     186.842    -15.037
    2447     188.834     -2.896
    2450     186.842    -12.802
    2455     188.681      4.877
    2456     185.249    -10.465
    2484     185.001      0.000
    2492     182.893     -8.128
    2506     183.104      2.429
    2509     181.300     -5.791
    2519     181.169      4.877
    2522     178.742     -2.896
    2523     172.676    -68.580
    2525     172.676    -64.922
    2527     172.676    -61.265
    2529     172.676    -57.607
    2531     172.676    -53.950
    2533     172.676    -50.292
    2536     172.676    -48.158
    2538     172.676    -46.025
    2540     172.676    -43.891
    2543     172.676    -41.859
    2545     172.676    -39.827
    2547     172.676    -37.795
    2549     172.676    -36.271
    2551     172.676    -34.747
    2556     172.676    -31.699
    2558     172.676    -28.651
    2561     172.676    -25.603
    2564     176.184      0.000
    2565     172.676    -22.555
    2567     172.676    -19.507
    2570     172.676    -17.272
    2573     172.676    -15.037
    2575     172.676    -12.802
    2576     174.923      2.434
    2579     171.916    -10.465
    2583     173.626      4.877
    2584     170.663     -8.128
    2606     169.903     -5.791
    2626     168.623     -2.896
    2639     167.343      0.000
    2643     166.715      2.437
    2648     166.063      4.877
    2650     158.490    -68.580
    2652     158.490    -64.922
    2654     158.490    -61.265
    2656     158.490    -57.607
    2658     158.490    -53.950
    2660     158.490    -50.292
    2662     158.490    -48.158
    2665     158.490    -46.025
    2667     158.490    -43.891
    2669     158.490    -41.859
    2671     158.490    -39.827
    2673     158.490    -37.795
    2676     158.490    -36.271
    2678     158.490    -34.747
    2681     158.490    -31.699
    2684     158.490    -28.651
    2686     158.490    -25.603
    2689     158.490    -22.555
    2692     158.490    -19.507
    2695     158.490    -17.272
    2697     158.490    -15.037
    2699     158.490    -12.802
    2701     158.490    -10.465
    2703     158.490     -8.128
    2705     158.490     -5.791
    2707     158.490     -2.896
    2709     158.490      0.000
    2711     158.490      2.438
    2713     158.490      4.877
    2771     142.723    -68.580
    2773     142.723    -64.922
    2775     142.723    -61.265
    2777     142.723    -57.607
    2779     142.723    -53.950
    2781     142.723    -50.292
    2783     142.723    -48.158
    2785     142.723    -46.025
    2787     142.723    -43.891
    2789     142.723    -41.859
    2791     142.723    -39.827
    2793     142.723    -37.795
    2795     142.723    -36.271
    2797     142.723    -34.747
    2799     142.723    -31.699
    2801     142.723    -28.651
    2803     142.723    -25.603
    2805     142.723    -22.555
    2807     142.723    -19.507
    2809     142.723    -17.272
    2811     142.723    -15.037
    2813     142.723    -12.802
    2815     142.723    -10.465
    2817     142.723     -8.128
    2819     142.723     -5.791
    2821     142.723     -2.896
    2823     142.723      0.000
    2825     142.723      2.438
    2827     142.723      4.877
    2885     126.694    -68.580
    2887     126.694    -64.922
    2889     126.694    -61.265
    2891     126.694    -57.607
    2893     126.694    -53.950
    2895     126.694    -50.292
    2897     126.694    -48.158
    2899     126.694    -46.025
    2901     126.694    -43.891
    2903     126.694    -41.859
    2905     126.694    -39.827
    2907     126.694    -37.795
    2909     126.694    -36.271
    2911     126.694    -34.747
    2913     126.694    -31.699
    2915     126.694    -28.651
    2917     126.694    -25.603
    2919     126.694    -22.555
    2921     126.694    -19.507
    2923     126.694    -17.272
    2925     126.694    -15.037
    2927     126.694    -12.802
    2929     126.694    -10.465
    2931     126.694     -8.128
    2933     126.694     -5.791
    2935     126.694     -2.896
    2937     126.694      0.000
    2939     126.694      2.438
    2941     126.694      4.877
    2999     110.451    -68.580
    3001     110.451    -64.922
    3003     110.451    -61.265
    3005     110.451    -57.607
    3007     110.451    -53.950
    3009     110.451    -50.292
    3011     110.451    -48.158
    3013     110.451    -46.025
    3015     110.451    -43.891
    3017     110.451    -41.859
    3019     110.451    -39.827
    3021     110.451    -37.795
    3023     110.451    -36.271
    3025     110.451    -34.747
    3027     110.451    -31.699
    3029     110.451    -28.651
    3031     110.451    -25.603
    3033     110.451    -22.555
    3035     110.451    -19.507
    3037     110.451    -17.272
    3039     110.451    -15.037
    3041     110.451    -12.802
    3043     110.451    -10.465
    3045     110.451     -8.128
    3047     110.451     -5.791
    3049     110.451     -2.896
    3051     110.451      0.000
    3053     110.451      2.438
    3055     110.451      4.877
    3113      94.045    -68.580
    3115      94.045    -64.922
    3117      94.045    -61.265
    3119      94.045    -57.607
    3121      94.045    -53.950
    3123      94.045    -50.292
    3125      94.045    -48.158
    3127      94.045    -46.025
    3129      94.045    -43.891
    3131      94.045    -41.859
    3133      94.045    -39.827
    3135      94.045    -37.795
    3137      94.045    -36.271
    3139      94.045    -34.747
    3141      94.045    -31.699
    3143      94.045    -28.651
    3145      94.045    -25.603
    3147      94.045    -22.555
    3149      94.045    -19.507
    3151      94.045    -17.272
    3153      94.045    -15.037
    3155      94.045    -12.802
    3157      94.045    -10.465
    3159      94.045     -8.128
    3161      94.045     -5.791
    3163      94.045     -2.896
    3165      94.045      0.000
    3167      94.045      2.438
    3169      94.045      4.877
    3227      77.530    -68.580
    3229      77.530    -64.922
    3231      77.530    -61.265
    3233      77.530    -57.607
    3235      77.530    -53.950
    3237      77.530    -50.292
    3239      77.530    -48.158
    3241      77.530    -46.025
    3243      77.530    -43.891
    3245      77.530    -41.859
    3247      77.530    -39.827
    3249      77.530    -37.795
    3251      77.530    -36.271
    3253      77.530    -34.747
    3255      77.530    -31.699
    3257      77.530    -28.651
    3259      77.530    -25.603
    3261      77.530    -22.555
    3263      77.530    -19.507
    3265      77.530    -17.272
    3267      77.530    -15.037
    3269      77.530    -12.802
    3271      77.530    -10.465
    3273      77.530     -8.128
    3275      77.530     -5.791
    3277      77.530     -2.896
    3279      77.530      0.000
    3281      77.530      2.438
    3283      77.530      4.877
    3341      60.960    -68.580
    3343      60.960    -64.922
    3345      60.960    -61.265
    3347      60.960    -57.607
    3349      60.960    -53.950
    3351      60.960    -50.292
    3353      60.960    -48.158
    3355      60.960    -46.025
    3357      60.960    -43.891
    3359      60.960    -41.859
    3361      60.960    -39.827
    3363      60.960    -37.795
    3365      60.960    -36.271
    3367      60.960    -34.747
    3369      60.960    -31.699
    3371      60.960    -28.651
    3373      60.960    -25.603
    3375      60.960    -22.555
    3377      60.960    -19.507
    3379      60.960    -17.272
    3381      60.960    -15.037
    3383      60.960    -12.802
    3385      60.960    -10.465
    3387      60.960     -8.128
    3389      60.960     -5.791
    3391      60.960     -2.896
    3393      60.960      0.000
    3395      60.960      2.438
    3397      60.960      4.877
    3455      45.984    -68.580
    3457      45.984    -64.922
    3459      45.984    -61.265
    3461      45.984    -57.607
    3463      45.984    -53.950
    3465      45.984    -50.292
    3467      45.984    -48.158
    3469      45.984    -46.025
    3471      45.984    -43.891
    3473      45.984    -41.859
    3475      45.984    -39.827
    3477      45.984    -37.795
    3479      45.984    -36.271
    3481      45.984    -34.747
    3483      45.984    -31.699
    3485      45.984    -28.651
    3487      45.984    -25.603
    3489      45.984    -22.555
    3491      45.984    -19.507
    3493      45.984    -17.272
    3495      45.984    -15.037
    3497      45.984    -12.802
    3499      45.984    -10.465
    3501      45.984     -8.128
    3503      45.984     -5.791
    3505      45.984     -2.896
    3507      45.984      0.000
    3509      45.984      2.438
    3511      45.984      4.877
    3569      30.783    -68.580
    3571      30.783    -64.922
    3573      30.783    -61.265
    3575      30.783    -57.607
    3577      30.783    -53.950
    3579      30.783    -50.292
    3581      30.783    -48.158
    3583      30.783    -46.025
    3585      30.783    -43.891
    3587      30.783    -41.859
    3589      30.783    -39.827
    3591      30.783    -37.795
    3593      30.783    -36.271
    3595      30.783    -34.747
    3597      30.783    -31.699
    3599      30.783    -28.651
    3601      30.783    -25.603
    3603      30.783    -22.555
    3605      30.783    -19.507
    3607      30.783    -17.272
    3609      30.783    -15.037
    3611      30.783    -12.802
    3613      30.783    -10.465
    3615      30.783     -8.128
    3617      30.783     -5.791
    3619      30.783     -2.896
    3621      30.783      0.000
    3623      30.783      2.438
    3625      30.783      4.877
    3683      15.430    -68.580
    3685      15.430    -64.922
    3687      15.430    -61.265
    3689      15.430    -57.607
    3691      15.430    -53.950
    3693      15.430    -50.292
    3695      15.430    -48.158
    3697      15.430    -46.025
    3699      15.430    -43.891
    3701      15.430    -41.859
    3703      15.430    -39.827
    3705      15.430    -37.795
    3707      15.430    -36.271
    3709      15.430    -34.747
    3711      15.430    -31.699
    3713      15.430    -28.651
    3715      15.430    -25.603
    3717      15.430    -22.555
    3719      15.430    -19.507
    3721      15.430    -17.272
    3723      15.430    -15.037
    3725      15.430    -12.802
    3727      15.430    -10.465
    3729      15.430     -8.128
    3731      15.430     -5.791
    3733      15.430     -2.896
    3735      15.430      0.000
    3737      15.430      2.438
    3739      15.430      4.877
    3797       0.000    -68.580
    3799       0.000    -64.922
    3801       0.000    -61.265
    3803       0.000    -57.607
    3805       0.000    -53.950
    3807       0.000    -50.292
    3809       0.000    -48.158
    3811       0.000    -46.025
    3813       0.000    -43.891
    3815       0.000    -41.859
    3817       0.000    -39.827
    3819       0.000    -37.795
    3821       0.000    -36.271
    3823       0.000    -34.747
    3825       0.000    -31.699
    3827       0.000    -28.651
    3829       0.000    -25.603
    3831       0.000    -22.555
    3833       0.000    -19.507
    3835       0.000    -17.272
    3837       0.000    -15.037
    3839       0.000    -12.802
    3841       0.000    -10.465
    3843       0.000     -8.128
    3845       0.000     -5.791
    3847       0.000     -2.896
    3849       0.000      0.000
    3851       0.000      2.438
    3853       0.000      4.877
    3911     -60.960    -68.580
    3913     -60.960    -64.922
    3915     -60.960    -61.265
    3917     -60.960    -57.607
    3919     -60.960    -53.950
    3921     -60.960    -50.292
    3923     -60.960    -48.158
    3925     -60.960    -46.025
    3927     -60.960    -43.891
    3929     -60.960    -41.859
    3931     -60.960    -39.827
    3933     -60.960    -37.795
    3935     -60.960    -36.271
    3937     -60.960    -34.747
    3939     -60.960    -31.699
    3941     -60.960    -28.651
    3943     -60.960    -25.603
    3945     -60.960    -22.555
    3947     -60.960    -19.507
    3949     -60.960    -17.272
    3951     -60.960    -15.037
    3953     -60.960    -12.802
    3955     -60.960    -10.465
    3957     -60.960     -8.128
    3959     -60.960     -5.791
    3961     -60.960     -2.896
    3963     -60.960      0.000
    3965     -60.960      2.438
    3967     -60.960      4.877
